30463,1381,9
30463,1382,3600
30463,1383,1000000000
30463,1384,50000000
30463,1385,150000000
30463,1457,0
30579,1381,1
30579,1382,960
30579,1383,100000000
30579,1384,0
30579,1385,20000000
30579,1457,296
30583,1381,2
30583,1382,960
30583,1383,750000000
30583,1384,0
30583,1385,300000000
30583,1457,297
30584,1381,3
30584,1382,1440
30584,1383,1000000000
30584,1384,0
30584,1385,300000000
30584,1457,298
30642,1381,4
30642,1382,1440
30642,1383,1000000000
30642,1384,0
30642,1385,300000000
30642,1457,299
30643,1381,5
30643,1382,1440
30643,1383,3000000000
30643,1384,0
30643,1385,1350000000
30643,1457,300
30644,1381,5
30644,1382,1440
30644,1383,3000000000
30644,1384,0
30644,1385,1000000000
30644,1457,300
30645,1381,6
30645,1382,2880
30645,1383,5000000000
30645,1384,0
30645,1385,300000000
30645,1457,301
30646,1381,6
30646,1382,2880
30646,1383,3000000000
30646,1384,0
30646,1385,1350000000
30646,1457,301
30647,1381,7
30647,1382,960
30647,1383,2000000000
30647,1384,0
30647,1385,1000000000
30647,1457,302
30648,1381,8
30648,1382,1440
30648,1383,3000000000
30648,1384,0
30648,1385,1350000000
30648,1457,303
30649,1381,9
30649,1382,1440
30649,1383,3000000000
30649,1384,0
30649,1385,1350000000
30649,1457,304
30657,1381,7
30657,1382,960
30657,1383,2000000000
30657,1384,0
30657,1385,1000000000
30657,1457,302
30658,1381,8
30658,1382,960
30658,1383,3000000000
30658,1384,0
30658,1385,1000000000
30658,1457,303
30659,1381,9
30659,1382,1440
30659,1383,3000000000
30659,1384,0
30659,1385,1000000000
30659,1457,304
30660,1381,1
30660,1382,960
30660,1383,500000000
30660,1384,0
30660,1385,20000000
30660,1457,296
30661,1381,2
30661,1382,960
30661,1383,1000000000
30661,1384,0
30661,1385,20000000
30661,1457,297
30662,1381,3
30662,1382,960
30662,1383,1000000000
30662,1384,0
30662,1385,20000000
30662,1457,298
30663,1381,4
30663,1382,960
30663,1383,1000000000
30663,1384,0
30663,1385,20000000
30663,1457,299
30664,1381,5
30664,1382,1440
30664,1383,1000000000
30664,1384,0
30664,1385,20000000
30664,1457,300
30665,1381,6
30665,1382,1440
30665,1383,1000000000
30665,1384,0
30665,1385,20000000
30665,1457,301
30666,1381,7
30666,1382,1440
30666,1383,1000000000
30666,1384,0
30666,1385,20000000
30666,1457,302
30667,1381,8
30667,1382,1440
30667,1383,1000000000
30667,1384,0
30667,1385,20000000
30667,1457,303
30668,1381,9
30668,1382,1440
30668,1383,1000000000
30668,1384,0
30668,1385,20000000
30668,1457,304
30671,1381,1
30671,1382,960
30671,1383,500000000
30671,1384,0
30671,1385,20000000
30671,1457,296
30672,1381,2
30672,1382,960
30672,1383,2000000000
30672,1384,0
30672,1385,300000000
30672,1457,297
30673,1381,3
30673,1382,960
30673,1383,2000000000
30673,1384,0
30673,1385,300000000
30673,1457,298
30674,1381,4
30674,1382,960
30674,1383,2000000000
30674,1384,0
30674,1385,300000000
30674,1457,299
30675,1381,5
30675,1382,1440
30675,1383,3000000000
30675,1384,0
30675,1385,300000000
30675,1457,300
30676,1381,6
30676,1382,1440
30676,1383,3000000000
30676,1384,0
30676,1385,300000000
30676,1457,301
30677,1381,7
30677,1382,1440
30677,1383,2000000000
30677,1384,0
30677,1385,300000000
30677,1457,302
30678,1381,8
30678,1382,1440
30678,1383,2000000000
30678,1384,0
30678,1385,300000000
30678,1457,303
30679,1381,9
30679,1382,1440
30679,1383,2000000000
30679,1384,0
30679,1385,300000000
30679,1457,304
30680,1381,1
30680,1382,960
30680,1383,500000000
30680,1384,0
30680,1385,20000000
30680,1457,296
30681,1381,2
30681,1382,960
30681,1383,2000000000
30681,1384,0
30681,1385,300000000
30681,1457,297
30682,1381,3
30682,1382,960
30682,1383,2000000000
30682,1384,0
30682,1385,300000000
30682,1457,298
30683,1381,4
30683,1382,960
30683,1383,2000000000
30683,1384,0
30683,1385,300000000
30683,1457,299
30684,1381,5
30684,1382,1440
30684,1383,3000000000
30684,1384,0
30684,1385,300000000
30684,1457,300
30685,1381,6
30685,1382,1440
30685,1383,3000000000
30685,1384,0
30685,1385,300000000
30685,1457,301
30686,1381,7
30686,1382,1440
30686,1383,3000000000
30686,1384,0
30686,1385,300000000
30686,1457,302
30687,1381,8
30687,1382,1440
30687,1383,3000000000
30687,1384,0
30687,1385,300000000
30687,1457,303
30688,1381,9
30688,1382,1440
30688,1383,3000000000
30688,1384,0
30688,1385,300000000
30688,1457,304
30689,1381,1
30689,1382,960
30689,1383,500000000
30689,1384,0
30689,1385,20000000
30689,1457,296
30690,1381,2
30690,1382,960
30690,1383,2000000000
30690,1384,0
30690,1385,300000000
30690,1457,297
30691,1381,3
30691,1382,960
30691,1383,2000000000
30691,1384,0
30691,1385,300000000
30691,1457,298
30692,1381,4
30692,1382,960
30692,1383,2000000000
30692,1384,0
30692,1385,300000000
30692,1457,299
30693,1381,5
30693,1382,1440
30693,1383,3000000000
30693,1384,0
30693,1385,300000000
30693,1457,300
30694,1381,6
30694,1382,1440
30694,1383,3000000000
30694,1384,0
30694,1385,300000000
30694,1457,301
30695,1381,7
30695,1382,1440
30695,1383,5000000000
30695,1384,0
30695,1385,300000000
30695,1457,302
30696,1381,8
30696,1382,1440
30696,1383,3000000000
30696,1384,0
30696,1385,1350000000
30696,1457,303
30697,1381,9
30697,1382,1440
30697,1383,5000000000
30697,1384,0
30697,1385,1800000000
30697,1457,304
30698,1381,1
30698,1382,960
30698,1383,500000000
30698,1384,0
30698,1385,20000000
30698,1457,296
30699,1381,2
30699,1382,960
30699,1383,1000000000
30699,1384,0
30699,1385,300000000
30699,1457,297
30700,1381,3
30700,1382,960
30700,1383,1000000000
30700,1384,0
30700,1385,300000000
30700,1457,298
30701,1381,4
30701,1382,960
30701,1383,2000000000
30701,1384,0
30701,1385,300000000
30701,1457,299
30702,1381,5
30702,1382,1440
30702,1383,3000000000
30702,1384,0
30702,1385,1350000000
30702,1457,300
30703,1381,6
30703,1382,1440
30703,1383,3000000000
30703,1384,0
30703,1385,1350000000
30703,1457,301
30704,1381,7
30704,1382,1440
30704,1383,3000000000
30704,1384,0
30704,1385,1000000000
30704,1457,302
30705,1381,8
30705,1382,1440
30705,1383,3000000000
30705,1384,0
30705,1385,1350000000
30705,1457,303
30706,1381,9
30706,1382,1440
30706,1383,3000000000
30706,1384,0
30706,1385,1350000000
30706,1457,304
30707,1381,1
30707,1382,960
30707,1383,500000000
30707,1384,0
30707,1385,20000000
30707,1457,296
30708,1381,2
30708,1382,960
30708,1383,2000000000
30708,1384,0
30708,1385,300000000
30708,1457,297
30709,1381,3
30709,1382,960
30709,1383,2000000000
30709,1384,0
30709,1385,300000000
30709,1457,298
30710,1381,4
30710,1382,960
30710,1383,2000000000
30710,1384,0
30710,1385,300000000
30710,1457,299
30711,1381,5
30711,1382,1440
30711,1383,3000000000
30711,1384,0
30711,1385,1350000000
30711,1457,300
30712,1381,6
30712,1382,1440
30712,1383,3000000000
30712,1384,0
30712,1385,1350000000
30712,1457,301
30713,1381,7
30713,1382,1440
30713,1383,5000000000
30713,1384,0
30713,1385,300000000
30713,1457,302
30714,1381,8
30714,1382,1440
30714,1383,5000000000
30714,1384,0
30714,1385,1800000000
30714,1457,303
30715,1381,9
30715,1382,1440
30715,1383,5000000000
30715,1384,0
30715,1385,1800000000
30715,1457,304
34439,1381,13
34439,1382,960
34439,1383,500000000
34439,1384,0
34439,1385,20000000
34439,1457,1337
35651,1381,13
35651,1382,960
35651,1383,750000000
35651,1384,0
35651,1385,300000000
35651,1457,1337
35651,1500,Barbican
34138,1381,5
34138,1382,960
34138,1383,1000000000
34138,1384,500000000	
34138,1385,20000000
34138,1457,1337
35653,1381,13
35653,1382,960
35653,1383,750000000
35653,1384,0
35653,1385,300000000
35653,1457,1337
1337,1500,Conflux
34134,1381,1
34134,1382,960
34134,1383,1000000000
34134,1384,500000000
34134,1385,20000000
34134,1457,1337
34370,1381,9
34370,1382,960
34370,1383,3000000000
34370,1384,0
34370,1385,1000000000
34370,1457,1337
34372,1381,12
34372,1382,960
34372,1383,750000000
34372,1384,0
34372,1385,300000000
34372,1457,1337
34371,1381,12
34371,1382,960
34371,1383,100000000
34371,1384,0
34371,1385,20000000
34371,1457,1337
34139,1381,6 
34139,1382,960
34139,1383,1000000000
34139,1384,500000000
34139,1385,20000000
34139,1457,1337
34135,1381,2 
34135,1382,960
34135,1383,1000000000
34135,1384,500000000
34135,1385,20000000
34135,1457,1337
34367,1381,12
34367,1382,960
34367,1383,3000000000
34367,1384,0
34367,1385,1000000000
34367,1457,1337
34137,1381,4
34137,1382,960
34137,1383,1000000000
34137,1384,500000000
34137,1385,20000000
34137,1457,1337
34366,1381,12
34366,1382,960
34366,1383,2000000000
34366,1384,0
34366,1385,300000000
34366,1457,1337
34140,1381,9
34140,1382,960
34140,1383,1000000000
34140,1384,500000000
34140,1385,20000000
34140,1457,1337
35654,1381,13 
35654,1382,960
35654,1383,750000000
35654,1384,0
35654,1385,300000000
35654,1457,1337
35654,1500,Redoubt
35650,1381,13
35650,1382,960
35650,1383,750000000
35650,1384,0
35650,1385,300000000
35650,1457,1337
35650,1500,Sentinel
34338,1381,12
34338,1382,960
34338,1383,500000000
34338,1384,0
34338,1385,20000000
34338,1457,1337
34369,1381,8
34369,1382,960
34369,1383,2000000000
34369,1384,0
34369,1385,300000000
34369,1457,1337
35652,1381,13
35652,1382,960
35652,1383,750000000
35652,1384,0
35652,1385,300000000
35652,1457,1337
35652,1500,Vidette
34136,1381,3 
34136,1382,960
34136,1383,1000000000
34136,1384,500000000
34136,1385,20000000
34136,1457,1337
34368,1381,7 
34368,1382,960
34368,1383,500000000
34368,1384,0
34368,1385,20000000
34368,1457,1337